# Made in Blockbench 5.0.7
mtllib crimsonmt_cleaver.mtl

o cube
v 0.08622030634152744 1.1559835821346163 -0.32084747891011633
v 0.2758300390259248 0.635035123075406 -0.6094403621820115
v 0.17318035761758135 0.9728591734201848 0.06685040658199717
v 0.36279009030197873 0.4519107143609746 -0.221742476689898
v 0.2752475955581854 0.6348097348597312 -0.6094161803888054
v 0.08563786287378805 1.1557581939189414 -0.32082329711691027
v 0.36220764683423934 0.4516853261452999 -0.22171829489669193
v 0.17259791414984196 0.9726337852045102 0.06687458837520324
vt 0 1
vt 0 1
vt 0 0.890625
vt 0 0.890625
vt 0.578125 0.765625
vt 0.421875 0.765625
vt 0.421875 0.65625
vt 0.578125 0.65625
vt 0 1
vt 0 1
vt 0 0.890625
vt 0 0.890625
vt 0.421875 0.765625
vt 0.578125 0.765625
vt 0.578125 0.65625
vt 0.421875 0.65625
vt 0 0.84375
vt 0 0.84375
vt 0 1
vt 0 1
vt 0 1
vt 0 1
vt 0 0.84375
vt 0 0.84375
vn 0.3033755722950357 -0.8335175344947364 -0.4617486132350323
vn 0.931909548383047 0.3606211450795665 -0.03869086912964945
vn -0.3033755722950357 0.8335175344947364 0.4617486132350323
vn -0.931909548383047 -0.3606211450795665 0.03869086912964945
vn -0.1987658314881231 0.41857007706155736 -0.8861665954105452
vn 0.1987658314881231 -0.41857007706155736 0.8861665954105452
usemtl m_750c866a-ab0d-3123-d28d-f4bc74c89bea
f 4/4/1 7/3/1 5/2/1 2/1/1
f 3/8/2 4/7/2 2/6/2 1/5/2
f 8/12/3 3/11/3 1/10/3 6/9/3
f 7/16/4 8/15/4 6/14/4 5/13/4
f 6/20/5 1/19/5 2/18/5 5/17/5
f 7/24/6 4/23/6 3/22/6 8/21/6
o cube
v -0.1365272269702033 0.7691781227598166 0.6294846479699573
v -0.12546206110753128 0.7995794161100284 0.5087439196838237
v -0.38430179413221677 0.08842309436703989 0.4353703641430668
v -0.3732366282695447 0.11882438771725164 0.3146296358569332
v -0.24292363870576986 0.8423319340257368 0.5087439196838237
v -0.253988804568442 0.811930640675525 0.6294846479699573
v -0.49069820586778323 0.16157690563296012 0.3146296358569332
v -0.5017633717304554 0.13117561228274835 0.4353703641430668
vt 0.0625 0.515625
vt 0.09375 0.515625
vt 0.09375 0.328125
vt 0.0625 0.328125
vt 0.09375 0.515625
vt 0.125 0.515625
vt 0.125 0.328125
vt 0.09375 0.328125
vt 0.125 0.515625
vt 0.15625 0.515625
vt 0.15625 0.328125
vt 0.125 0.328125
vt 0.15625 0.515625
vt 0.1875 0.515625
vt 0.1875 0.328125
vt 0.15625 0.328125
vt 0.09375 0.296875
vt 0.0625 0.296875
vt 0.0625 0.328125
vt 0.09375 0.328125
vt 0.125 0.328125
vt 0.09375 0.328125
vt 0.09375 0.296875
vt 0.125 0.296875
vn 0.08852132690137662 0.24321034680169398 -0.9659258262890683
vn 0.9396926207859088 -0.34202014332566777 4.163336342344337e-17
vn -0.08852132690137662 -0.24321034680169398 0.9659258262890683
vn -0.9396926207859088 0.34202014332566777 -4.163336342344337e-17
vn 0.3303660895493512 0.9076733711903691 0.25881904510252074
vn -0.3303660895493512 -0.9076733711903691 -0.25881904510252074
usemtl m_750c866a-ab0d-3123-d28d-f4bc74c89bea
f 12/28/7 15/27/7 13/26/7 10/25/7
f 11/32/8 12/31/8 10/30/8 9/29/8
f 16/36/9 11/35/9 9/34/9 14/33/9
f 15/40/10 16/39/10 14/38/10 13/37/10
f 14/44/11 9/43/11 10/42/11 13/41/11
f 15/48/12 12/47/12 11/46/12 16/45/12
o cube
v 0.1875 0.6281729989212173 1.087602576530457
v 0.1875 0.8708158537048305 0.18204711438445556
v 0.1875 0.447061906492017 1.0390740055737344
v 0.1875 0.6897047612756302 0.13351854342773292
v -0.1875 0.8708158537048305 0.18204711438445556
v -0.1875 0.6281729989212173 1.087602576530457
v -0.1875 0.6897047612756302 0.13351854342773292
v -0.1875 0.447061906492017 1.0390740055737344
vt 0.65625 0.671875
vt 0.75 0.671875
vt 0.75 0.625
vt 0.65625 0.625
vt 0.421875 0.65625
vt 0.65625 0.65625
vt 0.65625 0.609375
vt 0.421875 0.609375
vt 0.65625 0.625
vt 0.75 0.625
vt 0.75 0.578125
vt 0.65625 0.578125
vt 0.421875 0.609375
vt 0.65625 0.609375
vt 0.65625 0.5625
vt 0.421875 0.5625
vt 0.421875 0.640625
vt 0.328125 0.640625
vt 0.328125 0.875
vt 0.421875 0.875
vt 0.421875 0.640625
vt 0.328125 0.640625
vt 0.328125 0.40625
vt 0.421875 0.40625
vn 0 0.25881904510252074 -0.9659258262890683
vn 1 0 0
vn 0 -0.25881904510252074 0.9659258262890683
vn -1 0 0
vn 0 0.9659258262890683 0.25881904510252074
vn 0 -0.9659258262890683 -0.25881904510252074
usemtl m_750c866a-ab0d-3123-d28d-f4bc74c89bea
f 20/52/13 23/51/13 21/50/13 18/49/13
f 19/56/14 20/55/14 18/54/14 17/53/14
f 24/60/15 19/59/15 17/58/15 22/57/15
f 23/64/16 24/63/16 22/62/16 21/61/16
f 22/68/17 17/67/17 18/66/17 21/65/17
f 23/72/18 20/71/18 19/70/18 24/69/18
o cube
v -0.13666501957798005 0.6650451762397779 0.24627646567630895
v -0.14979127053480412 0.7384635105725837 0.14596470305788606
v -0.3719562217697573 0.07605873088470941 -0.1540147000507766
v -0.3850824727265813 0.1494770652175152 -0.2543264626691995
v -0.26775257603846553 0.7629277144703591 0.17930586577786217
v -0.2546263250816415 0.6895093801375533 0.27961762839628507
v -0.5030437782302427 0.1739412691152906 -0.2209852999492234
v -0.4899175272734187 0.1005229347824848 -0.12067353733080051
vt 0.484375 0.5625
vt 0.515625 0.5625
vt 0.515625 0.375
vt 0.484375 0.375
vt 0.515625 0.5625
vt 0.546875 0.5625
vt 0.546875 0.375
vt 0.515625 0.375
vt 0.546875 0.5625
vt 0.578125 0.5625
vt 0.578125 0.375
vt 0.546875 0.375
vt 0.578125 0.875
vt 0.609375 0.875
vt 0.609375 0.6875
vt 0.578125 0.6875
vt 0.21875 0.296875
vt 0.1875 0.296875
vt 0.1875 0.328125
vt 0.21875 0.328125
vt 0.25 0.328125
vt 0.21875 0.328125
vt 0.21875 0.296875
vt 0.25 0.296875
vn -0.10501000765459227 0.5873466746624465 -0.8024941009473832
vn 0.9436904440292917 -0.19571363118220308 -0.2667293017598087
vn 0.10501000765459227 -0.5873466746624465 0.8024941009473832
vn -0.9436904440292917 0.19571363118220308 0.2667293017598087
vn 0.3137216029223696 0.7853152604734248 0.5337215543027807
vn -0.3137216029223696 -0.7853152604734248 -0.5337215543027807
usemtl m_750c866a-ab0d-3123-d28d-f4bc74c89bea
f 28/76/19 31/75/19 29/74/19 26/73/19
f 27/80/20 28/79/20 26/78/20 25/77/20
f 32/84/21 27/83/21 25/82/21 30/81/21
f 31/88/22 32/87/22 30/86/22 29/85/22
f 30/92/23 25/91/23 26/90/23 29/89/23
f 31/96/24 28/95/24 27/94/24 32/93/24
o cube
v -0.023720306341527442 1.1559835821346163 -0.32084747891011633
v -0.06164225287840691 1.0517938903227741 -0.3785660555644954
v -0.17279467995761982 0.8420560243384482 0.3437774676477926
v -0.2107166264944993 0.737866332526606 0.2860588909934136
v -0.1781309464262878 1.09687153345772 -0.38340241420570154
v -0.14020899988940833 1.201061225269562 -0.32568383755132246
v -0.3272053200423802 0.7829439756615518 0.2812225323522074
v -0.2892833735055007 0.887133667473394 0.3389411090065864
vt 0.578125 0.5625
vt 0.609375 0.5625
vt 0.609375 0.375
vt 0.578125 0.375
vt 0.3125 0.40625
vt 0.34375 0.40625
vt 0.34375 0.21875
vt 0.3125 0.21875
vt 0.34375 0.40625
vt 0.375 0.40625
vt 0.375 0.21875
vt 0.34375 0.21875
vt 0.375 0.40625
vt 0.40625 0.40625
vt 0.40625 0.21875
vt 0.375 0.21875
vt 0.28125 0.296875
vt 0.25 0.296875
vt 0.25 0.328125
vt 0.28125 0.328125
vt 0.3125 0.328125
vt 0.28125 0.328125
vt 0.28125 0.296875
vt 0.3125 0.296875
vn -0.3033755722950357 -0.8335175344947364 -0.4617486132350323
vn 0.931909548383047 -0.3606211450795665 0.03869086912964945
vn 0.3033755722950357 0.8335175344947364 0.4617486132350323
vn -0.931909548383047 0.3606211450795665 -0.03869086912964945
vn 0.1987658314881231 0.41857007706155736 -0.8861665954105452
vn -0.1987658314881231 -0.41857007706155736 0.8861665954105452
usemtl m_750c866a-ab0d-3123-d28d-f4bc74c89bea
f 36/100/25 39/99/25 37/98/25 34/97/25
f 35/104/26 36/103/26 34/102/26 33/101/26
f 40/108/27 35/107/27 33/106/27 38/105/27
f 39/112/28 40/111/28 38/110/28 37/109/28
f 38/116/29 33/115/29 34/114/29 37/113/29
f 39/120/30 36/119/30 35/118/30 40/117/30
o cube
v 0.2546263250816415 0.6895093801375533 0.27961762839628507
v 0.26775257603846553 0.7629277144703591 0.17930586577786217
v 0.4899175272734187 0.1005229347824848 -0.12067353733080051
v 0.5030437782302427 0.1739412691152906 -0.2209852999492234
v 0.14979127053480412 0.7384635105725837 0.14596470305788606
v 0.13666501957798005 0.6650451762397779 0.24627646567630895
v 0.3850824727265813 0.1494770652175152 -0.2543264626691995
v 0.3719562217697573 0.07605873088470941 -0.1540147000507766
vt 0.609375 0.875
vt 0.640625 0.875
vt 0.640625 0.6875
vt 0.609375 0.6875
vt 0.609375 0.5625
vt 0.640625 0.5625
vt 0.640625 0.375
vt 0.609375 0.375
vt 0.40625 0.375
vt 0.4375 0.375
vt 0.4375 0.1875
vt 0.40625 0.1875
vt 0.4375 0.375
vt 0.46875 0.375
vt 0.46875 0.1875
vt 0.4375 0.1875
vt 0.703125 0.546875
vt 0.671875 0.546875
vt 0.671875 0.578125
vt 0.703125 0.578125
vt 0.703125 0.546875
vt 0.671875 0.546875
vt 0.671875 0.515625
vt 0.703125 0.515625
vn 0.10501000765459227 0.5873466746624465 -0.8024941009473832
vn 0.9436904440292917 0.19571363118220308 0.2667293017598087
vn -0.10501000765459227 -0.5873466746624465 0.8024941009473832
vn -0.9436904440292917 -0.19571363118220308 -0.2667293017598087
vn -0.3137216029223696 0.7853152604734248 0.5337215543027807
vn 0.3137216029223696 -0.7853152604734248 -0.5337215543027807
usemtl m_750c866a-ab0d-3123-d28d-f4bc74c89bea
f 44/124/31 47/123/31 45/122/31 42/121/31
f 43/128/32 44/127/32 42/126/32 41/125/32
f 48/132/33 43/131/33 41/130/33 46/129/33
f 47/136/34 48/135/34 46/134/34 45/133/34
f 46/140/35 41/139/35 42/138/35 45/137/35
f 47/144/36 44/143/36 43/142/36 48/141/36
o cube
v 0.24787432401413592 0.8287300379301756 0.9897156813048679
v 0.2624965463191997 0.7885558123247669 0.8722541037066293
v 0.4889196776465874 0.1664633717605586 1.2462307887991193
v 0.5035418999516512 0.12628914615514988 1.1287692112008807
v 0.14503496872096117 0.7458032944090585 0.8722541037066293
v 0.13041274641589734 0.7859775200144672 0.9897156813048679
v 0.3860803223534126 0.08353662823944141 1.1287692112008807
v 0.3714581000483488 0.12371085384485013 1.2462307887991193
vt 0.421875 0.5625
vt 0.453125 0.5625
vt 0.453125 0.375
vt 0.421875 0.375
vt 0.453125 0.5625
vt 0.484375 0.5625
vt 0.484375 0.375
vt 0.453125 0.375
vt 0 0.515625
vt 0.03125 0.515625
vt 0.03125 0.328125
vt 0 0.328125
vt 0.03125 0.515625
vt 0.0625 0.515625
vt 0.0625 0.328125
vt 0.03125 0.328125
vt 0.609375 0.65625
vt 0.578125 0.65625
vt 0.578125 0.6875
vt 0.609375 0.6875
vt 0.640625 0.6875
vt 0.609375 0.6875
vt 0.609375 0.65625
vt 0.640625 0.65625
vn 0.11697777844051051 -0.3213938048432697 -0.9396926207859084
vn 0.9396926207859088 0.3420201433256676 -2.7755575615628914e-17
vn -0.11697777844051051 0.3213938048432697 0.9396926207859084
vn -0.9396926207859088 -0.3420201433256676 2.7755575615628914e-17
vn -0.3213938048432687 0.8830222215594894 -0.3420201433256686
vn 0.3213938048432687 -0.8830222215594894 0.3420201433256686
usemtl m_750c866a-ab0d-3123-d28d-f4bc74c89bea
f 52/148/37 55/147/37 53/146/37 50/145/37
f 51/152/38 52/151/38 50/150/38 49/149/38
f 56/156/39 51/155/39 49/154/39 54/153/39
f 55/160/40 56/159/40 54/158/40 53/157/40
f 54/164/41 49/163/41 50/162/41 53/161/41
f 55/168/42 52/167/42 51/166/42 56/165/42
o cube
v -0.08563786287378805 1.1557581939189414 -0.32082329711691027
v -0.2752475955581854 0.6348097348597312 -0.6094161803888054
v -0.17259791414984196 0.9726337852045102 0.06687458837520324
v -0.36220764683423934 0.4516853261452999 -0.22171829489669193
v -0.2758300390259248 0.635035123075406 -0.6094403621820115
v -0.08622030634152744 1.1559835821346163 -0.32084747891011633
v -0.36279009030197873 0.4519107143609746 -0.221742476689898
v -0.17318035761758135 0.9728591734201848 0.06685040658199717
vt 0 1
vt 0 1
vt 0 0.890625
vt 0 0.890625
vt 0.578125 0.765625
vt 0.421875 0.765625
vt 0.421875 0.65625
vt 0.578125 0.65625
vt 0 1
vt 0 1
vt 0 0.890625
vt 0 0.890625
vt 0.421875 0.765625
vt 0.578125 0.765625
vt 0.578125 0.65625
vt 0.421875 0.65625
vt 0 0.84375
vt 0 0.84375
vt 0 1
vt 0 1
vt 0 1
vt 0 1
vt 0 0.84375
vt 0 0.84375
vn -0.3033755722950357 -0.8335175344947364 -0.4617486132350323
vn 0.931909548383047 -0.3606211450795665 0.03869086912964945
vn 0.3033755722950357 0.8335175344947364 0.4617486132350323
vn -0.931909548383047 0.3606211450795665 -0.03869086912964945
vn 0.1987658314881231 0.41857007706155736 -0.8861665954105452
vn -0.1987658314881231 -0.41857007706155736 0.8861665954105452
usemtl m_750c866a-ab0d-3123-d28d-f4bc74c89bea
f 60/172/43 63/171/43 61/170/43 58/169/43
f 59/176/44 60/175/44 58/174/44 57/173/44
f 64/180/45 59/179/45 57/178/45 62/177/45
f 63/184/46 64/183/46 62/182/46 61/181/46
f 62/188/47 57/187/47 58/186/47 61/185/47
f 63/192/48 60/191/48 59/190/48 64/189/48
o cube
v 0.14020899988940833 1.201061225269562 -0.32568383755132246
v 0.1781309464262878 1.09687153345772 -0.38340241420570154
v 0.2892833735055007 0.887133667473394 0.3389411090065864
v 0.3272053200423802 0.7829439756615518 0.2812225323522074
v 0.06164225287840691 1.0517938903227741 -0.3785660555644954
v 0.023720306341527442 1.1559835821346163 -0.32084747891011633
v 0.2107166264944993 0.737866332526606 0.2860588909934136
v 0.17279467995761982 0.8420560243384482 0.3437774676477926
vt 0.46875 0.375
vt 0.5 0.375
vt 0.5 0.1875
vt 0.46875 0.1875
vt 0.5 0.375
vt 0.53125 0.375
vt 0.53125 0.1875
vt 0.5 0.1875
vt 0.53125 0.375
vt 0.5625 0.375
vt 0.5625 0.1875
vt 0.53125 0.1875
vt 0.5625 0.375
vt 0.59375 0.375
vt 0.59375 0.1875
vt 0.5625 0.1875
vt 0.703125 0.484375
vt 0.671875 0.484375
vt 0.671875 0.515625
vt 0.703125 0.515625
vt 0.703125 0.484375
vt 0.671875 0.484375
vt 0.671875 0.453125
vt 0.703125 0.453125
vn 0.3033755722950357 -0.8335175344947364 -0.4617486132350323
vn 0.931909548383047 0.3606211450795665 -0.03869086912964945
vn -0.3033755722950357 0.8335175344947364 0.4617486132350323
vn -0.931909548383047 -0.3606211450795665 0.03869086912964945
vn -0.1987658314881231 0.41857007706155736 -0.8861665954105452
vn 0.1987658314881231 -0.41857007706155736 0.8861665954105452
usemtl m_750c866a-ab0d-3123-d28d-f4bc74c89bea
f 68/196/49 71/195/49 69/194/49 66/193/49
f 67/200/50 68/199/50 66/198/50 65/197/50
f 72/204/51 67/203/51 65/202/51 70/201/51
f 71/208/52 72/207/52 70/206/52 69/205/52
f 70/212/53 65/211/53 66/210/53 69/209/53
f 71/216/54 68/215/54 67/214/54 72/213/54
o cube
v 0.0006250000000000006 0.9579676777231059 1.6557057129833954
v 0.0006250000000000006 1.2976676744201643 0.3879280659789933
v 0.0006250000000000006 0.4750047645785717 1.526296190432135
v 0.0006250000000000006 0.8147047612756302 0.25851854342773295
v 0 1.2976676744201643 0.3879280659789933
v 0 0.9579676777231059 1.6557057129833954
v 0 0.8147047612756302 0.25851854342773295
v 0 0.4750047645785717 1.526296190432135
vt 0.3125 0.625
vt 0.328125 0.625
vt 0.328125 0.5
vt 0.3125 0.5
vt 0 1
vt 0.328125 1
vt 0.328125 0.875
vt 0 0.875
vt 0.65625 1
vt 0.671875 1
vt 0.671875 0.875
vt 0.65625 0.875
vt 0.328125 1
vt 0 1
vt 0 0.875
vt 0.328125 0.875
vt 0.671875 0.046875
vt 0.65625 0.046875
vt 0.65625 0.375
vt 0.671875 0.375
vt 0.015625 0.328125
vt 0 0.328125
vt 0 0
vt 0.015625 0
vn 0 0.25881904510252074 -0.9659258262890683
vn 1 0 0
vn 0 -0.25881904510252074 0.9659258262890683
vn -1 0 0
vn 0 0.9659258262890683 0.25881904510252074
vn 0 -0.9659258262890683 -0.25881904510252074
usemtl m_750c866a-ab0d-3123-d28d-f4bc74c89bea
f 76/220/55 79/219/55 77/218/55 74/217/55
f 75/224/56 76/223/56 74/222/56 73/221/56
f 80/228/57 75/227/57 73/226/57 78/225/57
f 79/232/58 80/231/58 78/230/58 77/229/58
f 78/236/59 73/235/59 74/234/59 77/233/59
f 79/240/60 76/239/60 75/238/60 80/237/60
o cube
v -0.13041274641589734 0.7859775200144672 0.9897156813048679
v -0.14503496872096117 0.7458032944090585 0.8722541037066293
v -0.3714581000483488 0.12371085384485013 1.2462307887991193
v -0.3860803223534126 0.08353662823944141 1.1287692112008807
v -0.2624965463191997 0.7885558123247669 0.8722541037066293
v -0.24787432401413592 0.8287300379301756 0.9897156813048679
v -0.5035418999516512 0.12628914615514988 1.1287692112008807
v -0.4889196776465874 0.1664633717605586 1.2462307887991193
vt 0.1875 0.515625
vt 0.21875 0.515625
vt 0.21875 0.328125
vt 0.1875 0.328125
vt 0.21875 0.515625
vt 0.25 0.515625
vt 0.25 0.328125
vt 0.21875 0.328125
vt 0.25 0.515625
vt 0.28125 0.515625
vt 0.28125 0.328125
vt 0.25 0.328125
vt 0.28125 0.515625
vt 0.3125 0.515625
vt 0.3125 0.328125
vt 0.28125 0.328125
vt 0.15625 0.296875
vt 0.125 0.296875
vt 0.125 0.328125
vt 0.15625 0.328125
vt 0.1875 0.328125
vt 0.15625 0.328125
vt 0.15625 0.296875
vt 0.1875 0.296875
vn -0.11697777844051051 -0.3213938048432697 -0.9396926207859084
vn 0.9396926207859088 -0.3420201433256676 2.7755575615628914e-17
vn 0.11697777844051051 0.3213938048432697 0.9396926207859084
vn -0.9396926207859088 0.3420201433256676 -2.7755575615628914e-17
vn 0.3213938048432687 0.8830222215594894 -0.3420201433256686
vn -0.3213938048432687 -0.8830222215594894 0.3420201433256686
usemtl m_750c866a-ab0d-3123-d28d-f4bc74c89bea
f 84/244/61 87/243/61 85/242/61 82/241/61
f 83/248/62 84/247/62 82/246/62 81/245/62
f 88/252/63 83/251/63 81/250/63 86/249/63
f 87/256/64 88/255/64 86/254/64 85/253/64
f 86/260/65 81/259/65 82/258/65 85/257/65
f 87/264/66 84/263/66 83/262/66 88/261/66
o cube
v 0.253988804568442 0.811930640675525 0.6294846479699573
v 0.24292363870576986 0.8423319340257368 0.5087439196838237
v 0.5017633717304554 0.13117561228274835 0.4353703641430668
v 0.49069820586778323 0.16157690563296012 0.3146296358569332
v 0.12546206110753128 0.7995794161100284 0.5087439196838237
v 0.1365272269702033 0.7691781227598166 0.6294846479699573
v 0.3732366282695447 0.11882438771725164 0.3146296358569332
v 0.38430179413221677 0.08842309436703989 0.4353703641430668
vt 0.59375 0.375
vt 0.625 0.375
vt 0.625 0.1875
vt 0.59375 0.1875
vt 0.625 0.375
vt 0.65625 0.375
vt 0.65625 0.1875
vt 0.625 0.1875
vt 0.640625 0.875
vt 0.671875 0.875
vt 0.671875 0.6875
vt 0.640625 0.6875
vt 0.640625 0.5625
vt 0.671875 0.5625
vt 0.671875 0.375
vt 0.640625 0.375
vt 0.703125 0.421875
vt 0.671875 0.421875
vt 0.671875 0.453125
vt 0.703125 0.453125
vt 0.703125 0.421875
vt 0.671875 0.421875
vt 0.671875 0.390625
vt 0.703125 0.390625
vn -0.08852132690137662 0.24321034680169398 -0.9659258262890683
vn 0.9396926207859088 0.34202014332566777 -4.163336342344337e-17
vn 0.08852132690137662 -0.24321034680169398 0.9659258262890683
vn -0.9396926207859088 -0.34202014332566777 4.163336342344337e-17
vn -0.3303660895493512 0.9076733711903691 0.25881904510252074
vn 0.3303660895493512 -0.9076733711903691 -0.25881904510252074
usemtl m_750c866a-ab0d-3123-d28d-f4bc74c89bea
f 92/268/67 95/267/67 93/266/67 90/265/67
f 91/272/68 92/271/68 90/270/68 89/269/68
f 96/276/69 91/275/69 89/274/69 94/273/69
f 95/280/70 96/279/70 94/278/70 93/277/70
f 94/284/71 89/283/71 90/282/71 93/281/71
f 95/288/72 92/287/72 91/286/72 96/285/72