# Made in Blockbench 5.0.7
mtllib crimsonmt_crimson_intestoid.mtl

o cube
v 0.1558480673316749 0.875 2.4822627254200214
v 1.3967974654008284 0.875 0.09842111125355077
v 0.1558480673316749 0 2.4822627254200214
v 1.3967974654008284 0 0.09842111125355077
v 0.6206629863698845 0.875 -0.30560892532710393
v -0.6202864116992692 0.875 2.0782326888393667
v 0.6206629863698845 0 -0.30560892532710393
v -0.6202864116992692 0 2.0782326888393667
vt 0.5859375 1
vt 0.6953125 1
vt 0.6953125 0.890625
vt 0.5859375 0.890625
vt 0.25 1
vt 0.5859375 1
vt 0.5859375 0.890625
vt 0.25 0.890625
vt 0.5859375 0.890625
vt 0.6953125 0.890625
vt 0.6953125 0.78125
vt 0.5859375 0.78125
vt 0.25 0.890625
vt 0.5859375 0.890625
vt 0.5859375 0.78125
vt 0.25 0.78125
vt 0.359375 0.4453125
vt 0.25 0.4453125
vt 0.25 0.78125
vt 0.359375 0.78125
vt 0.46875 0.78125
vt 0.359375 0.78125
vt 0.359375 0.4453125
vt 0.46875 0.4453125
vn 0.4617486132350339 0 -0.8870108331782217
vn 0.8870108331782217 0 0.4617486132350339
vn -0.4617486132350339 0 0.8870108331782217
vn -0.8870108331782217 0 -0.4617486132350339
vn 0 1 0
vn 0 -1 0
usemtl m_a07d84b9-43a9-8967-ca3c-dc963b20813d
f 4/4/1 7/3/1 5/2/1 2/1/1
f 3/8/2 4/7/2 2/6/2 1/5/2
f 8/12/3 3/11/3 1/10/3 6/9/3
f 7/16/4 8/15/4 6/14/4 5/13/4
f 6/20/5 1/19/5 2/18/5 5/17/5
f 7/24/6 4/23/6 3/22/6 8/21/6
o cube
v 0.014005575621976907 1 3.18971137512625
v 0.31471137512625 1 2.235994424378023
v 0.014005575621976907 0 3.18971137512625
v 0.31471137512625 0 2.235994424378023
v -0.6390055756219769 1 1.93528862487375
v -0.93971137512625 1 2.889005575621977
v -0.6390055756219769 0 1.93528862487375
v -0.93971137512625 0 2.889005575621977
vt 0.46875 0.78125
vt 0.59375 0.78125
vt 0.59375 0.65625
vt 0.46875 0.65625
vt 0.46875 0.65625
vt 0.59375 0.65625
vt 0.59375 0.53125
vt 0.46875 0.53125
vt 0.46875 0.53125
vt 0.59375 0.53125
vt 0.59375 0.40625
vt 0.46875 0.40625
vt 0 0.5
vt 0.125 0.5
vt 0.125 0.375
vt 0 0.375
vt 0.25 0.375
vt 0.125 0.375
vt 0.125 0.5
vt 0.25 0.5
vt 0.375 0.4453125
vt 0.25 0.4453125
vt 0.25 0.3203125
vt 0.375 0.3203125
vn 0.3007057995042732 0 -0.9537169507482269
vn 0.9537169507482269 0 0.3007057995042732
vn -0.3007057995042732 0 0.9537169507482269
vn -0.9537169507482269 0 -0.3007057995042732
vn 0 1 0
vn 0 -1 0
usemtl m_a07d84b9-43a9-8967-ca3c-dc963b20813d
f 12/28/7 15/27/7 13/26/7 10/25/7
f 11/32/8 12/31/8 10/30/8 9/29/8
f 16/36/9 11/35/9 9/34/9 14/33/9
f 15/40/10 16/39/10 14/38/10 13/37/10
f 14/44/11 9/43/11 10/42/11 13/41/11
f 15/48/12 12/47/12 11/46/12 16/45/12
o cube
v 0.2606686598857255 1.609834122410199 1.4226634945315588
v 0.26102578101375246 1.6098028783599911 1.4221515245038783
v 0.08635717439040916 -0.38255527377329207 1.4226634945315588
v 0.08671429551843612 -0.3825865178235 1.4221515245038783
v -1.3710440658896645 1.7525904880465304 0.2749986518017866
v -1.3714011870176914 1.7526217320967383 0.2755106218294672
v -1.5453555513849808 -0.2397989081369607 0.2749986518017866
v -1.5457126725130077 -0.23976766408675276 0.2755106218294672
vt 0.25 0.75
vt 0 0.75
vt 0 0.5
vt 0.25 0.5
vt 0.375 0.4453125
vt 0.3828125 0.4453125
vt 0.3828125 0.1953125
vt 0.375 0.1953125
vt 0 0.75
vt 0.25 0.75
vt 0.25 0.5
vt 0 0.5
vt 0.3828125 0.4453125
vt 0.390625 0.4453125
vt 0.390625 0.1953125
vt 0.3828125 0.1953125
vt 0.84375 0.7734375
vt 0.59375 0.7734375
vt 0.59375 0.78125
vt 0.84375 0.78125
vt 0.84375 0.7734375
vt 0.59375 0.7734375
vt 0.59375 0.765625
vt 0.84375 0.765625
vn 0.5713938048432695 -0.049990480332730285 -0.8191520442889919
vn 0.8160349234517085 -0.07139380484326967 0.5735764363510459
vn -0.5713938048432695 0.049990480332730285 0.8191520442889919
vn -0.8160349234517085 0.07139380484326967 -0.5735764363510459
vn 0.08715574274765817 0.9961946980917455 -6.938893903907228e-18
vn -0.08715574274765817 -0.9961946980917455 6.938893903907228e-18
usemtl m_a07d84b9-43a9-8967-ca3c-dc963b20813d
f 20/52/13 23/51/13 21/50/13 18/49/13
f 19/56/14 20/55/14 18/54/14 17/53/14
f 24/60/15 19/59/15 17/58/15 22/57/15
f 23/64/16 24/63/16 22/62/16 21/61/16
f 22/68/17 17/67/17 18/66/17 21/65/17
f 23/72/18 20/71/18 19/70/18 24/69/18
o cube
v 1.3647703575371855 0.9840609669281082 -0.08368575091278307
v 0.6691941738241591 0.8708282800735668 -2.677140663048123
v 1.3647703575371855 0.10989377304398266 -0.04551878696811418
v 0.6691941738241591 -0.0033389138105586512 -2.6389736991034543
v -0.17599092417877538 0.8807066172361885 -2.450889544667083
v 0.5195852595342509 0.9939393040907298 0.142565367468257
v -0.17599092417877538 0.006539423352062965 -2.412722580722414
v 0.5195852595342509 0.11977211020660429 0.18073233141292588
vt 0.5859375 1
vt 0.6953125 1
vt 0.6953125 0.890625
vt 0.5859375 0.890625
vt 0.25 1
vt 0.5859375 1
vt 0.5859375 0.890625
vt 0.25 0.890625
vt 0.5859375 0.890625
vt 0.6953125 0.890625
vt 0.6953125 0.78125
vt 0.5859375 0.78125
vt 0.25 0.890625
vt 0.5859375 0.890625
vt 0.5859375 0.78125
vt 0.25 0.78125
vt 0.359375 0.4453125
vt 0.25 0.4453125
vt 0.25 0.78125
vt 0.359375 0.78125
vt 0.46875 0.78125
vt 0.359375 0.78125
vt 0.359375 0.4453125
vt 0.46875 0.4453125
vn -0.2588190451025214 -0.042133092783085135 -0.96500647893408
vn 0.9659258262890682 -0.01128952818585328 -0.25857270672118865
vn 0.2588190451025214 0.042133092783085135 0.96500647893408
vn -0.9659258262890682 0.01128952818585328 0.25857270672118865
vn 1.908195823574488e-17 0.9990482215818579 -0.04361938736533604
vn -1.908195823574488e-17 -0.9990482215818579 0.04361938736533604
usemtl m_a07d84b9-43a9-8967-ca3c-dc963b20813d
f 28/76/19 31/75/19 29/74/19 26/73/19
f 27/80/20 28/79/20 26/78/20 25/77/20
f 32/84/21 27/83/21 25/82/21 30/81/21
f 31/88/22 32/87/22 30/86/22 29/85/22
f 30/92/23 25/91/23 26/90/23 29/89/23
f 31/96/24 28/95/24 27/94/24 32/93/24
o cube
v 0.4058480673316749 0.875 -2.2052372745799786
v 1.6467974654008284 0.875 -4.5890788887464495
v 0.4058480673316749 0 -2.2052372745799786
v 1.6467974654008284 0 -4.5890788887464495
v 0.8706629863698845 0.875 -4.993108925327104
v -0.37028641169926924 0.875 -2.6092673111606333
v 0.8706629863698845 0 -4.993108925327104
v -0.37028641169926924 0 -2.6092673111606333
vt 0.5859375 1
vt 0.6953125 1
vt 0.6953125 0.890625
vt 0.5859375 0.890625
vt 0.25 1
vt 0.5859375 1
vt 0.5859375 0.890625
vt 0.25 0.890625
vt 0.5859375 0.890625
vt 0.6953125 0.890625
vt 0.6953125 0.78125
vt 0.5859375 0.78125
vt 0.25 0.890625
vt 0.5859375 0.890625
vt 0.5859375 0.78125
vt 0.25 0.78125
vt 0.359375 0.4453125
vt 0.25 0.4453125
vt 0.25 0.78125
vt 0.359375 0.78125
vt 0.46875 0.78125
vt 0.359375 0.78125
vt 0.359375 0.4453125
vt 0.46875 0.4453125
vn 0.4617486132350339 0 -0.8870108331782217
vn 0.8870108331782217 0 0.4617486132350339
vn -0.4617486132350339 0 0.8870108331782217
vn -0.8870108331782217 0 -0.4617486132350339
vn 0 1 0
vn 0 -1 0
usemtl m_a07d84b9-43a9-8967-ca3c-dc963b20813d
f 36/100/25 39/99/25 37/98/25 34/97/25
f 35/104/26 36/103/26 34/102/26 33/101/26
f 40/108/27 35/107/27 33/106/27 38/105/27
f 39/112/28 40/111/28 38/110/28 37/109/28
f 38/116/29 33/115/29 34/114/29 37/113/29
f 39/120/30 36/119/30 35/118/30 40/117/30
o cube
v 1.787045688895093 1.624944669956783 2.8601634945315584
v 1.7874028100231198 1.624975914006991 2.8596515245038785
v 1.9613571743904095 -0.36744472622670793 2.8601634945315584
v 1.9617142955184361 -0.3674134821765 2.8596515245038785
v 0.1553329631197029 1.4821883043204518 1.7124986518017866
v 0.15497584199167624 1.4821570602702439 1.7130106218294667
v 0.3296444486150192 -0.5102010918630393 1.7124986518017866
v 0.3292873274869925 -0.5102323359132472 1.7130106218294667
vt 0 0.75
vt 0.25 0.75
vt 0.25 0.5
vt 0 0.5
vt 0.375 0.4453125
vt 0.3828125 0.4453125
vt 0.3828125 0.1953125
vt 0.375 0.1953125
vt 0.25 0.75
vt 0 0.75
vt 0 0.5
vt 0.25 0.5
vt 0.3828125 0.4453125
vt 0.390625 0.4453125
vt 0.390625 0.1953125
vt 0.3828125 0.1953125
vt 0.84375 0.7734375
vt 0.59375 0.7734375
vt 0.59375 0.78125
vt 0.84375 0.78125
vt 0.84375 0.7734375
vt 0.59375 0.7734375
vt 0.59375 0.765625
vt 0.84375 0.765625
vn 0.5713938048432695 0.049990480332730285 -0.8191520442889919
vn 0.8160349234517085 0.07139380484326967 0.5735764363510459
vn -0.5713938048432695 -0.049990480332730285 0.8191520442889919
vn -0.8160349234517085 -0.07139380484326967 -0.5735764363510459
vn -0.08715574274765817 0.9961946980917455 6.938893903907228e-18
vn 0.08715574274765817 -0.9961946980917455 -6.938893903907228e-18
usemtl m_a07d84b9-43a9-8967-ca3c-dc963b20813d
f 44/124/31 47/123/31 45/122/31 42/121/31
f 43/128/32 44/127/32 42/126/32 41/125/32
f 48/132/33 43/131/33 41/130/33 46/129/33
f 47/136/34 48/135/34 46/134/34 45/133/34
f 46/140/35 41/139/35 42/138/35 45/137/35
f 47/144/36 44/143/36 43/142/36 48/141/36