# Made in Blockbench 5.0.7
mtllib terralibmt_ball_of_worms.mtl

o cube
v 0.375 0.875 0.375
v 0.375 0.875 -0.375
v 0.375 0.125 0.375
v 0.375 0.125 -0.375
v -0.375 0.875 -0.375
v -0.375 0.875 0.375
v -0.375 0.125 -0.375
v -0.375 0.125 0.375
vt 0.40625 1
vt 0.59375 1
vt 0.59375 0.8125
vt 0.40625 0.8125
vt 0.40625 0.8125
vt 0.59375 0.8125
vt 0.59375 0.625
vt 0.40625 0.625
vt 0.40625 0.625
vt 0.59375 0.625
vt 0.59375 0.4375
vt 0.40625 0.4375
vt 0.203125 0.4375
vt 0.390625 0.4375
vt 0.390625 0.25
vt 0.203125 0.25
vt 0.578125 0.25
vt 0.390625 0.25
vt 0.390625 0.4375
vt 0.578125 0.4375
vt 0.765625 0.4375
vt 0.578125 0.4375
vt 0.578125 0.25
vt 0.765625 0.25
vn 0 0 -1
vn 1 0 0
vn 0 0 1
vn -1 0 0
vn 0 1 0
vn 0 -1 0
usemtl m_a00463c1-4463-9161-5faf-bbdf5f46c3b8
f 4/4/1 7/3/1 5/2/1 2/1/1
f 3/8/2 4/7/2 2/6/2 1/5/2
f 8/12/3 3/11/3 1/10/3 6/9/3
f 7/16/4 8/15/4 6/14/4 5/13/4
f 6/20/5 1/19/5 2/18/5 5/17/5
f 7/24/6 4/23/6 3/22/6 8/21/6
o cube
v 0.39654981407139867 0.8068789391824248 -0.21087827224457967
v 0.37327705473722894 0.8049677658719203 -0.2688521981902238
v 0.2984123256122305 0.06607101613539143 -0.1470609195129969
v 0.2751395662780608 0.06415984282488695 -0.20503484545864104
v -0.3732611132567931 0.9293278697900009 0.02673463893486458
v -0.3499883539226234 0.9312390431005054 0.08470856488050872
v -0.47139860171596126 0.18851994674296757 0.09055199166644735
v -0.44812584238179154 0.19043112005347207 0.1485259176120915
vt 0.203125 0.625
vt 0.40625 0.625
vt 0.40625 0.4375
vt 0.203125 0.4375
vt 0.625 0.734375
vt 0.640625 0.734375
vt 0.640625 0.546875
vt 0.625 0.546875
vt 0 0.59375
vt 0.203125 0.59375
vt 0.203125 0.40625
vt 0 0.40625
vt 0.640625 0.734375
vt 0.65625 0.734375
vt 0.65625 0.546875
vt 0.640625 0.546875
vt 0.796875 0.78125
vt 0.59375 0.78125
vt 0.59375 0.796875
vt 0.796875 0.796875
vt 0.796875 0.78125
vt 0.59375 0.78125
vt 0.59375 0.765625
vt 0.796875 0.765625
vn -0.3723641493467158 -0.030578772968071745 -0.9275828151303063
vn 0.9188162067618733 -0.1530585894376377 -0.36379918415395496
vn 0.3723641493467158 0.030578772968071745 0.9275828151303063
vn -0.9188162067618733 0.1530585894376377 0.36379918415395496
vn 0.13084998461222422 0.9877438973960446 -0.08508980364211038
vn -0.13084998461222422 -0.9877438973960446 0.08508980364211038
usemtl m_a00463c1-4463-9161-5faf-bbdf5f46c3b8
f 12/28/7 15/27/7 13/26/7 10/25/7
f 11/32/8 12/31/8 10/30/8 9/29/8
f 16/36/9 11/35/9 9/34/9 14/33/9
f 15/40/10 16/39/10 14/38/10 13/37/10
f 14/44/11 9/43/11 10/42/11 13/41/11
f 15/48/12 12/47/12 11/46/12 16/45/12
o cube
v 0.43029715649733863 0.57136724329547 -0.2987861623342811
v 0.4516734154551929 0.5126364544963508 -0.29878616441479966
v 0.26309004972487493 0.5105088099479234 0.3652878429808373
v 0.2844663086827292 0.45177802114880417 0.3652878409003188
v -0.1723520290210393 0.28550977358566276 -0.4767242588879488
v -0.19372828797889358 0.34424056238478196 -0.47672425680743025
v -0.339559135793503 0.22465134023811614 0.18734974642716973
v -0.3609353947513573 0.28338212903723536 0.1873497485076882
vt 0 0.40625
vt 0.171875 0.40625
vt 0.171875 0.234375
vt 0 0.234375
vt 0.65625 0.734375
vt 0.671875 0.734375
vt 0.671875 0.5625
vt 0.65625 0.5625
vt 0.59375 1
vt 0.765625 1
vt 0.765625 0.828125
vt 0.59375 0.828125
vt 0.671875 0.734375
vt 0.6875 0.734375
vt 0.6875 0.5625
vt 0.671875 0.5625
vt 0.765625 0.53125
vt 0.59375 0.53125
vt 0.59375 0.546875
vt 0.765625 0.546875
vt 0.765625 0.53125
vt 0.59375 0.53125
vt 0.59375 0.515625
vt 0.765625 0.515625
vn 0.34202014332566866 -0.939692620785908 -3.3288296119593503e-8
vn 0.9076733737836105 0.3303660813246372 0.2588190465063987
vn -0.34202014332566866 0.939692620785908 3.3288296119593503e-8
vn -0.9076733737836105 -0.3303660813246372 -0.2588190465063987
vn 0.24321033712358356 0.08852135759643141 -0.9659258259128998
vn -0.24321033712358356 -0.08852135759643141 0.9659258259128998
usemtl m_a00463c1-4463-9161-5faf-bbdf5f46c3b8
f 20/52/13 23/51/13 21/50/13 18/49/13
f 19/56/14 20/55/14 18/54/14 17/53/14
f 24/60/15 19/59/15 17/58/15 22/57/15
f 23/64/16 24/63/16 22/62/16 21/61/16
f 22/68/17 17/67/17 18/66/17 21/65/17
f 23/72/18 20/71/18 19/70/18 24/69/18
o cube
v -0.08113406875659634 0.042868561978497755 -0.3582421661050186
v -0.13986485755571554 0.06424482093635214 -0.358242168185537
v -0.04486199164053131 0.14252535321444532 0.4473067836070652
v -0.10359278043965053 0.1639016121722997 0.44730678152654674
v 0.13564911299805932 0.8212132234551994 -0.4642947005351149
v 0.19437990179717854 0.7998369644973451 -0.4642946984545965
v 0.17192119011412438 0.920870014691147 0.34125424917696884
v 0.2306519789132436 0.8994937557332927 0.3412542512574873
vt 0 1
vt 0.203125 1
vt 0.203125 0.796875
vt 0 0.796875
vt 0.171875 0.40625
vt 0.1875 0.40625
vt 0.1875 0.203125
vt 0.171875 0.203125
vt 0 0.796875
vt 0.203125 0.796875
vt 0.203125 0.59375
vt 0 0.59375
vt 0.1875 0.40625
vt 0.203125 0.40625
vt 0.203125 0.203125
vt 0.1875 0.203125
vt 0.796875 0.75
vt 0.59375 0.75
vt 0.59375 0.765625
vt 0.796875 0.765625
vt 0.796875 0.75
vt 0.59375 0.75
vt 0.59375 0.734375
vt 0.796875 0.734375
vn -0.9396926207859073 0.3420201433256705 -3.3288295543665296e-8
vn -0.3390941176046459 -0.9316534184847349 0.130526193661019
vn 0.9396926207859073 -0.3420201433256705 3.3288295543665296e-8
vn 0.3390941176046459 0.9316534184847349 -0.130526193661019
vn -0.04464255645054165 -0.1226545122903969 -0.991444861184103
vn 0.04464255645054165 0.1226545122903969 0.991444861184103
usemtl m_a00463c1-4463-9161-5faf-bbdf5f46c3b8
f 28/76/19 31/75/19 29/74/19 26/73/19
f 27/80/20 28/79/20 26/78/20 25/77/20
f 32/84/21 27/83/21 25/82/21 30/81/21
f 31/88/22 32/87/22 30/86/22 29/85/22
f 30/92/23 25/91/23 26/90/23 29/89/23
f 31/96/24 28/95/24 27/94/24 32/93/24
o cube
v 0.2698790862698557 0.1867417752733403 -0.34344665611939074
v 0.21866446902947428 0.15092545546561598 -0.3427365741860591
v 0.2765768389486528 0.192032774505279 0.40650477259861734
v 0.22536222170827144 0.15621645469755469 0.40721485453194894
v -0.2469826567097811 0.8167547984121948 -0.3432754267608573
v -0.1957680394693997 0.8525711182199192 -0.34398550869418887
v -0.2402849040309839 0.8220457976441335 0.40667600195715087
v -0.1890702867906025 0.8578621174518578 0.40596592002381926
vt 0.203125 1
vt 0.40625 1
vt 0.40625 0.8125
vt 0.203125 0.8125
vt 0.59375 0.734375
vt 0.609375 0.734375
vt 0.609375 0.546875
vt 0.59375 0.546875
vt 0.203125 0.8125
vt 0.40625 0.8125
vt 0.40625 0.625
vt 0.203125 0.625
vt 0.609375 0.734375
vt 0.625 0.734375
vt 0.625 0.546875
vt 0.609375 0.546875
vt 0.796875 0.8125
vt 0.59375 0.8125
vt 0.59375 0.828125
vt 0.796875 0.828125
vt 0.796875 0.8125
vt 0.59375 0.8125
vt 0.59375 0.796875
vt 0.796875 0.796875
vn -0.8194338758461023 -0.5730611169235892 0.01136131093330556
vn 0.5731041547560068 -0.819482268241943 0.0006632031689824228
vn 0.8194338758461023 0.5730611169235892 -0.01136131093330556
vn -0.5731041547560068 0.819482268241943 -0.0006632031689824228
vn -0.008930336905063115 -0.007054665642584915 -0.9999352382906772
vn 0.008930336905063115 0.007054665642584915 0.9999352382906772
usemtl m_a00463c1-4463-9161-5faf-bbdf5f46c3b8
f 36/100/25 39/99/25 37/98/25 34/97/25
f 35/104/26 36/103/26 34/102/26 33/101/26
f 40/108/27 35/107/27 33/106/27 38/105/27
f 39/112/28 40/111/28 38/110/28 37/109/28
f 38/116/29 33/115/29 34/114/29 37/113/29
f 39/120/30 36/119/30 35/118/30 40/117/30