# Made in Blockbench 5.0.7
mtllib terralibmt_spike.mtl

o cube
v 0.3125 1 0.25
v 0.3125 1 -0.25
v 0.3125 -0.5 0.25
v 0.3125 -0.5 -0.25
v -0.3125 1 -0.25
v -0.3125 1 0.25
v -0.3125 -0.5 -0.25
v -0.3125 -0.5 0.25
vt 0.15625 1
vt 0.3125 1
vt 0.3125 0.625
vt 0.15625 0.625
vt 0 0.625
vt 0.125 0.625
vt 0.125 0.25
vt 0 0.25
vt 0 1
vt 0.15625 1
vt 0.15625 0.625
vt 0 0.625
vt 0.3125 1
vt 0.4375 1
vt 0.4375 0.625
vt 0.3125 0.625
vt 0.546875 1
vt 0.703125 1
vt 0.703125 0.875
vt 0.546875 0.875
vt 0.546875 0.75
vt 0.703125 0.75
vt 0.703125 0.875
vt 0.546875 0.875
vn 0 0 -1
vn 1 0 0
vn 0 0 1
vn -1 0 0
vn 0 1 0
vn 0 -1 0
usemtl m_7135ef7b-5168-c980-9168-bfd09fd0a6c2
f 4/4/1 7/3/1 5/2/1 2/1/1
f 3/8/2 4/7/2 2/6/2 1/5/2
f 8/12/3 3/11/3 1/10/3 6/9/3
f 7/16/4 8/15/4 6/14/4 5/13/4
f 6/20/5 1/19/5 2/18/5 5/17/5
f 7/24/6 4/23/6 3/22/6 8/21/6
o cube
v 0.25 2.4446525962057626 0.44512372019018454
v 0.25 2.5206236739350443 0.014270328247343506
v 0.25 0.9674409666874506 0.184651453689789
v 0.25 1.0434120444167325 -0.246201938253052
v -0.25 2.5206236739350443 0.014270328247343506
v -0.25 2.4446525962057626 0.44512372019018454
v -0.25 1.0434120444167325 -0.246201938253052
v -0.25 0.9674409666874506 0.184651453689789
vt 0.25 0.625
vt 0.375 0.625
vt 0.375 0.25
vt 0.25 0.25
vt 0.4375 1
vt 0.546875 1
vt 0.546875 0.625
vt 0.4375 0.625
vt 0.125 0.625
vt 0.25 0.625
vt 0.25 0.25
vt 0.125 0.25
vt 0.375 0.625
vt 0.484375 0.625
vt 0.484375 0.25
vt 0.375 0.25
vt 0.484375 0.34375
vt 0.609375 0.34375
vt 0.609375 0.234375
vt 0.484375 0.234375
vt 0.703125 0.890625
vt 0.828125 0.890625
vt 0.828125 1
vt 0.703125 1
vn 0 0.17364817766693033 -0.984807753012208
vn 1 0 0
vn 0 -0.17364817766693033 0.984807753012208
vn -1 0 0
vn 0 0.984807753012208 0.17364817766693033
vn 0 -0.984807753012208 -0.17364817766693033
usemtl m_7135ef7b-5168-c980-9168-bfd09fd0a6c2
f 12/28/7 15/27/7 13/26/7 10/25/7
f 11/32/8 12/31/8 10/30/8 9/29/8
f 16/36/9 11/35/9 9/34/9 14/33/9
f 15/40/10 16/39/10 14/38/10 13/37/10
f 14/44/11 9/43/11 10/42/11 13/41/11
f 15/48/12 12/47/12 11/46/12 16/45/12
o cube
v 0.1875 3.1323269973044687 0.29281582843553866
v 0.1875 3.099643593774097 -0.08075718334886595
v 0.1875 2.1983944678434573 0.37452433726146817
v 0.1875 2.1657110643130855 0.0009513254770636137
v -0.1875 3.099643593774097 -0.08075718334886595
v -0.1875 3.1323269973044687 0.29281582843553866
v -0.1875 2.1657110643130855 0.0009513254770636137
v -0.1875 2.1983944678434573 0.37452433726146817
vt 0.484375 0.484375
vt 0.640625 0.484375
vt 0.640625 0.34375
vt 0.484375 0.34375
vt 0.640625 0.359375
vt 0.765625 0.359375
vt 0.765625 0.21875
vt 0.640625 0.21875
vt 0.484375 0.625
vt 0.640625 0.625
vt 0.640625 0.484375
vt 0.484375 0.484375
vt 0.640625 0.5
vt 0.765625 0.5
vt 0.765625 0.359375
vt 0.640625 0.359375
vt 0.546875 0.75
vt 0.703125 0.75
vt 0.703125 0.625
vt 0.546875 0.625
vt 0.640625 0.5
vt 0.796875 0.5
vt 0.796875 0.625
vt 0.640625 0.625
vn 0 -0.08715574274765818 -0.9961946980917455
vn 1 0 0
vn 0 0.08715574274765818 0.9961946980917455
vn -1 0 0
vn 0 0.9961946980917455 -0.08715574274765818
vn 0 -0.9961946980917455 0.08715574274765818
usemtl m_7135ef7b-5168-c980-9168-bfd09fd0a6c2
f 20/52/13 23/51/13 21/50/13 18/49/13
f 19/56/14 20/55/14 18/54/14 17/53/14
f 24/60/15 19/59/15 17/58/15 22/57/15
f 23/64/16 24/63/16 22/62/16 21/61/16
f 22/68/17 17/67/17 18/66/17 21/65/17
f 23/72/18 20/71/18 19/70/18 24/69/18
o cube
v 0.0625 3.9470387728833902 0.38313579130028974
v 0.0625 3.9876212004967844 0.20008028996530225
v 0.0625 2.8487057648734653 0.1396412256199242
v 0.0625 2.8892881924868594 -0.04341427571506351
v -0.0625 3.9876212004967844 0.20008028996530225
v -0.0625 3.9470387728833902 0.38313579130028974
v -0.0625 2.8892881924868594 -0.04341427571506351
v -0.0625 2.8487057648734653 0.1396412256199242
vt 0.734375 0.890625
vt 0.765625 0.890625
vt 0.765625 0.703125
vt 0.734375 0.703125
vt 0 0.25
vt 0.03125 0.25
vt 0.03125 0.0625
vt 0 0.0625
vt 0.609375 0.34375
vt 0.640625 0.34375
vt 0.640625 0.15625
vt 0.609375 0.15625
vt 0.703125 0.890625
vt 0.734375 0.890625
vt 0.734375 0.703125
vt 0.703125 0.703125
vt 0.734375 0.703125
vt 0.765625 0.703125
vt 0.765625 0.671875
vt 0.734375 0.671875
vt 0.734375 0.640625
vt 0.765625 0.640625
vt 0.765625 0.671875
vt 0.734375 0.671875
vn 0 0.21643961393810285 -0.9762960071199334
vn 1 0 0
vn 0 -0.21643961393810285 0.9762960071199334
vn -1 0 0
vn 0 0.9762960071199334 0.21643961393810285
vn 0 -0.9762960071199334 -0.21643961393810285
usemtl m_7135ef7b-5168-c980-9168-bfd09fd0a6c2
f 28/76/19 31/75/19 29/74/19 26/73/19
f 27/80/20 28/79/20 26/78/20 25/77/20
f 32/84/21 27/83/21 25/82/21 30/81/21
f 31/88/22 32/87/22 30/86/22 29/85/22
f 30/92/23 25/91/23 26/90/23 29/89/23
f 31/96/24 28/95/24 27/94/24 32/93/24