# Made in Blockbench 5.0.7
mtllib terralibmt_hand.mtl

o cube
v 0.3125 1 0.25
v 0.3125 1 -0.25
v 0.3125 -0.5 0.25
v 0.3125 -0.5 -0.25
v -0.3125 1 -0.25
v -0.3125 1 0.25
v -0.3125 -0.5 -0.25
v -0.3125 -0.5 0.25
vt 0.15625 1
vt 0.3125 1
vt 0.3125 0.625
vt 0.15625 0.625
vt 0 0.625
vt 0.125 0.625
vt 0.125 0.25
vt 0 0.25
vt 0 1
vt 0.15625 1
vt 0.15625 0.625
vt 0 0.625
vt 0.3125 1
vt 0.4375 1
vt 0.4375 0.625
vt 0.3125 0.625
vt 0.546875 1
vt 0.703125 1
vt 0.703125 0.875
vt 0.546875 0.875
vt 0.546875 0.75
vt 0.703125 0.75
vt 0.703125 0.875
vt 0.546875 0.875
vn 0 0 -1
vn 1 0 0
vn 0 0 1
vn -1 0 0
vn 0 1 0
vn 0 -1 0
usemtl m_7135ef7b-5168-c980-9168-bfd09fd0a6c2
f 4/4/1 7/3/1 5/2/1 2/1/1
f 3/8/2 4/7/2 2/6/2 1/5/2
f 8/12/3 3/11/3 1/10/3 6/9/3
f 7/16/4 8/15/4 6/14/4 5/13/4
f 6/20/5 1/19/5 2/18/5 5/17/5
f 7/24/6 4/23/6 3/22/6 8/21/6
o cube
v 0.25 2.4446525962057626 0.44512372019018454
v 0.25 2.5206236739350443 0.014270328247343506
v 0.25 0.9674409666874506 0.184651453689789
v 0.25 1.0434120444167325 -0.246201938253052
v -0.25 2.5206236739350443 0.014270328247343506
v -0.25 2.4446525962057626 0.44512372019018454
v -0.25 1.0434120444167325 -0.246201938253052
v -0.25 0.9674409666874506 0.184651453689789
vt 0.25 0.625
vt 0.375 0.625
vt 0.375 0.25
vt 0.25 0.25
vt 0.4375 1
vt 0.546875 1
vt 0.546875 0.625
vt 0.4375 0.625
vt 0.125 0.625
vt 0.25 0.625
vt 0.25 0.25
vt 0.125 0.25
vt 0.375 0.625
vt 0.484375 0.625
vt 0.484375 0.25
vt 0.375 0.25
vt 0.484375 0.34375
vt 0.609375 0.34375
vt 0.609375 0.234375
vt 0.484375 0.234375
vt 0.703125 0.890625
vt 0.828125 0.890625
vt 0.828125 1
vt 0.703125 1
vn 0 0.17364817766693033 -0.984807753012208
vn 1 0 0
vn 0 -0.17364817766693033 0.984807753012208
vn -1 0 0
vn 0 0.984807753012208 0.17364817766693033
vn 0 -0.984807753012208 -0.17364817766693033
usemtl m_7135ef7b-5168-c980-9168-bfd09fd0a6c2
f 12/28/7 15/27/7 13/26/7 10/25/7
f 11/32/8 12/31/8 10/30/8 9/29/8
f 16/36/9 11/35/9 9/34/9 14/33/9
f 15/40/10 16/39/10 14/38/10 13/37/10
f 14/44/11 9/43/11 10/42/11 13/41/11
f 15/48/12 12/47/12 11/46/12 16/45/12
o cube
v 0.3125 2.7088953277568177 0.5323285536274374
v 0.3125 2.7848664054861 0.1014751616845963
v 0.3125 2.1549409666874504 0.43465145368978897
v 0.3125 2.2309120444167325 0.003798061746947995
v -0.3125 2.7848664054861 0.1014751616845963
v -0.3125 2.7088953277568177 0.5323285536274374
v -0.3125 2.2309120444167325 0.003798061746947995
v -0.3125 2.1549409666874504 0.43465145368978897
vt 0.484375 0.484375
vt 0.640625 0.484375
vt 0.640625 0.34375
vt 0.484375 0.34375
vt 0.640625 0.359375
vt 0.765625 0.359375
vt 0.765625 0.21875
vt 0.640625 0.21875
vt 0.484375 0.625
vt 0.640625 0.625
vt 0.640625 0.484375
vt 0.484375 0.484375
vt 0.640625 0.5
vt 0.765625 0.5
vt 0.765625 0.359375
vt 0.640625 0.359375
vt 0.546875 0.75
vt 0.703125 0.75
vt 0.703125 0.625
vt 0.546875 0.625
vt 0.640625 0.5
vt 0.796875 0.5
vt 0.796875 0.625
vt 0.640625 0.625
vn 0 0.17364817766693033 -0.984807753012208
vn 1 0 0
vn 0 -0.17364817766693033 0.984807753012208
vn -1 0 0
vn 0 0.984807753012208 0.17364817766693033
vn 0 -0.984807753012208 -0.17364817766693033
usemtl m_7135ef7b-5168-c980-9168-bfd09fd0a6c2
f 20/52/13 23/51/13 21/50/13 18/49/13
f 19/56/14 20/55/14 18/54/14 17/53/14
f 24/60/15 19/59/15 17/58/15 22/57/15
f 23/64/16 24/63/16 22/62/16 21/61/16
f 22/68/17 17/67/17 18/66/17 21/65/17
f 23/72/18 20/71/18 19/70/18 24/69/18
o cube
v 0.0625 3.2369782028742824 0.7103765877365271
v 0.0625 3.2994782028742824 0.6021234122634722
v 0.0625 2.5874591500359534 0.3353765877365271
v 0.0625 2.6499591500359534 0.22712341226347244
v -0.0625 3.2994782028742824 0.6021234122634722
v -0.0625 3.2369782028742824 0.7103765877365271
v -0.0625 2.6499591500359534 0.22712341226347244
v -0.0625 2.5874591500359534 0.3353765877365271
vt 0.734375 0.890625
vt 0.765625 0.890625
vt 0.765625 0.703125
vt 0.734375 0.703125
vt 0 0.25
vt 0.03125 0.25
vt 0.03125 0.0625
vt 0 0.0625
vt 0.609375 0.34375
vt 0.640625 0.34375
vt 0.640625 0.15625
vt 0.609375 0.15625
vt 0.703125 0.890625
vt 0.734375 0.890625
vt 0.734375 0.703125
vt 0.703125 0.703125
vt 0.734375 0.703125
vt 0.765625 0.703125
vt 0.765625 0.671875
vt 0.734375 0.671875
vt 0.734375 0.640625
vt 0.765625 0.640625
vt 0.765625 0.671875
vt 0.734375 0.671875
vn 0 0.49999999999999994 -0.8660254037844387
vn 1 0 0
vn 0 -0.49999999999999994 0.8660254037844387
vn -1 0 0
vn 0 0.8660254037844387 0.49999999999999994
vn 0 -0.8660254037844387 -0.49999999999999994
usemtl m_7135ef7b-5168-c980-9168-bfd09fd0a6c2
f 28/76/19 31/75/19 29/74/19 26/73/19
f 27/80/20 28/79/20 26/78/20 25/77/20
f 32/84/21 27/83/21 25/82/21 30/81/21
f 31/88/22 32/87/22 30/86/22 29/85/22
f 30/92/23 25/91/23 26/90/23 29/89/23
f 31/96/24 28/95/24 27/94/24 32/93/24
o cube
v 0.623573341686585 2.8009551542375593 0.451574862714046
v 0.623573341686585 2.817270928265066 0.3276442550423197
v 0.3349804584146887 2.251316196401653 0.37921352114361556
v 0.3349804584146887 2.2676319704291594 0.2552829134718893
v 0.512696987539307 2.8744957144948606 0.33517804107337695
v 0.512696987539307 2.858179940467354 0.45910864874510326
v 0.2241041042674108 2.324856756658954 0.26281669950294656
v 0.2241041042674108 2.3085409826314476 0.3867473071746728
vt 0.09375 0.25
vt 0.125 0.25
vt 0.125 0.09375
vt 0.09375 0.09375
vt 0.125 0.25
vt 0.15625 0.25
vt 0.15625 0.09375
vt 0.125 0.09375
vt 0.03125 0.25
vt 0.0625 0.25
vt 0.0625 0.09375
vt 0.03125 0.09375
vt 0.0625 0.25
vt 0.09375 0.25
vt 0.09375 0.09375
vt 0.0625 0.09375
vt 0.703125 0.703125
vt 0.734375 0.703125
vt 0.734375 0.671875
vt 0.703125 0.671875
vt 0.703125 0.640625
vt 0.734375 0.640625
vt 0.734375 0.671875
vt 0.703125 0.671875
vn -6.938893903907228e-17 0.13052619222005157 -0.9914448613738105
vn 0.8870108331782218 -0.4577982898383574 -0.06027028824845832
vn 6.938893903907228e-17 -0.13052619222005157 0.9914448613738105
vn -0.8870108331782218 0.4577982898383574 0.06027028824845832
vn 0.46174861323503397 0.8794223325374503 0.11577814651268864
vn -0.46174861323503397 -0.8794223325374503 -0.11577814651268864
usemtl m_7135ef7b-5168-c980-9168-bfd09fd0a6c2
f 36/100/25 39/99/25 37/98/25 34/97/25
f 35/104/26 36/103/26 34/102/26 33/101/26
f 40/108/27 35/107/27 33/106/27 38/105/27
f 39/112/28 40/111/28 38/110/28 37/109/28
f 38/116/29 33/115/29 34/114/29 37/113/29
f 39/120/30 36/119/30 35/118/30 40/117/30
o cube
v -0.125 3.2369782028742824 0.7103765877365271
v -0.125 3.2994782028742824 0.6021234122634722
v -0.125 2.5874591500359534 0.3353765877365271
v -0.125 2.6499591500359534 0.22712341226347244
v -0.25 3.2994782028742824 0.6021234122634722
v -0.25 3.2369782028742824 0.7103765877365271
v -0.25 2.6499591500359534 0.22712341226347244
v -0.25 2.5874591500359534 0.3353765877365271
vt 0.734375 0.890625
vt 0.765625 0.890625
vt 0.765625 0.703125
vt 0.734375 0.703125
vt 0 0.25
vt 0.03125 0.25
vt 0.03125 0.0625
vt 0 0.0625
vt 0.609375 0.34375
vt 0.640625 0.34375
vt 0.640625 0.15625
vt 0.609375 0.15625
vt 0.703125 0.890625
vt 0.734375 0.890625
vt 0.734375 0.703125
vt 0.703125 0.703125
vt 0.734375 0.703125
vt 0.765625 0.703125
vt 0.765625 0.671875
vt 0.734375 0.671875
vt 0.734375 0.640625
vt 0.765625 0.640625
vt 0.765625 0.671875
vt 0.734375 0.671875
vn 0 0.49999999999999994 -0.8660254037844387
vn 1 0 0
vn 0 -0.49999999999999994 0.8660254037844387
vn -1 0 0
vn 0 0.8660254037844387 0.49999999999999994
vn 0 -0.8660254037844387 -0.49999999999999994
usemtl m_7135ef7b-5168-c980-9168-bfd09fd0a6c2
f 44/124/31 47/123/31 45/122/31 42/121/31
f 43/128/32 44/127/32 42/126/32 41/125/32
f 48/132/33 43/131/33 41/130/33 46/129/33
f 47/136/34 48/135/34 46/134/34 45/133/34
f 46/140/35 41/139/35 42/138/35 45/137/35
f 47/144/36 44/143/36 43/142/36 48/141/36
o cube
v 0.25 3.2369782028742824 0.7103765877365271
v 0.25 3.2994782028742824 0.6021234122634722
v 0.25 2.5874591500359534 0.3353765877365271
v 0.25 2.6499591500359534 0.22712341226347244
v 0.125 3.2994782028742824 0.6021234122634722
v 0.125 3.2369782028742824 0.7103765877365271
v 0.125 2.6499591500359534 0.22712341226347244
v 0.125 2.5874591500359534 0.3353765877365271
vt 0.734375 0.890625
vt 0.765625 0.890625
vt 0.765625 0.703125
vt 0.734375 0.703125
vt 0 0.25
vt 0.03125 0.25
vt 0.03125 0.0625
vt 0 0.0625
vt 0.609375 0.34375
vt 0.640625 0.34375
vt 0.640625 0.15625
vt 0.609375 0.15625
vt 0.703125 0.890625
vt 0.734375 0.890625
vt 0.734375 0.703125
vt 0.703125 0.703125
vt 0.734375 0.703125
vt 0.765625 0.703125
vt 0.765625 0.671875
vt 0.734375 0.671875
vt 0.734375 0.640625
vt 0.765625 0.640625
vt 0.765625 0.671875
vt 0.734375 0.671875
vn 0 0.49999999999999994 -0.8660254037844387
vn 1 0 0
vn 0 -0.49999999999999994 0.8660254037844387
vn -1 0 0
vn 0 0.8660254037844387 0.49999999999999994
vn 0 -0.8660254037844387 -0.49999999999999994
usemtl m_7135ef7b-5168-c980-9168-bfd09fd0a6c2
f 52/148/37 55/147/37 53/146/37 50/145/37
f 51/152/38 52/151/38 50/150/38 49/149/38
f 56/156/39 51/155/39 49/154/39 54/153/39
f 55/160/40 56/159/40 54/158/40 53/157/40
f 54/164/41 49/163/41 50/162/41 53/161/41
f 55/168/42 52/167/42 51/166/42 56/165/42