# Made in Blockbench 5.0.7
mtllib terralibmt_whirlacerator.mtl

o cube
v 0.3125 1.7398318568938933 0.32359658101178324
v 0.3125 1.679912283754878 -0.3612872739262918
v 0.3125 1.1794723392172863 0.37262168630734094
v 0.3125 1.1195527660782714 -0.3122621686307341
v -0.3125 1.679912283754878 -0.3612872739262918
v -0.3125 1.7398318568938933 0.32359658101178324
v -0.3125 1.1195527660782714 -0.3122621686307341
v -0.3125 1.1794723392172863 0.37262168630734094
vt 0.3515625 0.6875
vt 0.4296875 0.6875
vt 0.4296875 0.6171875
vt 0.3515625 0.6171875
vt 0.328125 0.765625
vt 0.4140625 0.765625
vt 0.4140625 0.6953125
vt 0.328125 0.6953125
vt 0.34375 0.609375
vt 0.421875 0.609375
vt 0.421875 0.5390625
vt 0.34375 0.5390625
vt 0.3515625 0.90625
vt 0.4375 0.90625
vt 0.4375 0.8359375
vt 0.3515625 0.8359375
vt 0.078125 0.5859375
vt 0 0.5859375
vt 0 0.671875
vt 0.078125 0.671875
vt 0.40625 1
vt 0.328125 1
vt 0.328125 0.9140625
vt 0.40625 0.9140625
vn 0 -0.08715574274765818 -0.9961946980917455
vn 1 0 0
vn 0 0.08715574274765818 0.9961946980917455
vn -1 0 0
vn 0 0.9961946980917455 -0.08715574274765818
vn 0 -0.9961946980917455 0.08715574274765818
usemtl m_49cddd80-067f-8c10-cd78-bc522c28d58a
f 4/4/1 7/3/1 5/2/1 2/1/1
f 3/8/2 4/7/2 2/6/2 1/5/2
f 8/12/3 3/11/3 1/10/3 6/9/3
f 7/16/4 8/15/4 6/14/4 5/13/4
f 6/20/5 1/19/5 2/18/5 5/17/5
f 7/24/6 4/23/6 3/22/6 8/21/6
o cone
v -3.827021247335479e-17 1.125 0
v 9.950255243072244e-17 0 0
v -0.13397459621556135 1.125 0.49999999999999994
v -0.36602540378443865 1.125 0.36602540378443865
v -0.5 1.125 0.13397459621556132
v -0.5 1.125 -0.13397459621556138
v -0.3660254037844387 1.125 -0.3660254037844386
v -0.13397459621556151 1.125 -0.4999999999999999
v 0.1339745962155611 1.125 -0.5
v 0.36602540378443854 1.125 -0.3660254037844387
v 0.4999999999999999 1.125 -0.13397459621556126
v 0.49999999999999994 1.125 0.1339745962155611
v 0.36602540378443865 1.125 0.36602540378443854
v 0.13397459621556126 1.125 0.49999999999999994
vt 0.272315625 0.983253125
vt 0.243309375 1
vt 0.2265625 0.9375
vt 0.231590625 0.7132984375
vt 0.2643003447822191 0.7205029861209203
vt 0.21484375 0.8671875
vt 0.2890625 0.954246875
vt 0.272315625 0.983253125
vt 0.2265625 0.9375
vt 0.2591371552177809 0.7830029861209203
vt 0.291846875 0.7757984375
vt 0.30859375 0.9296875
vt 0.2890625 0.9207531250000001
vt 0.2890625 0.954246875
vt 0.2265625 0.9375
vt 0.291846875 0.7757984375
vt 0.325340625 0.7757984375
vt 0.30859375 0.9296875
vt 0.272315625 0.8917468749999999
vt 0.2890625 0.9207531250000001
vt 0.2265625 0.9375
vt 0.325340625 0.7757984375
vt 0.3580503447822191 0.7830029861209203
vt 0.30859375 0.9296875
vt 0.243309375 0.875
vt 0.272315625 0.8917468749999999
vt 0.2265625 0.9375
vt 0.2435121552177809 0.6189404861209203
vt 0.276221875 0.6117359375
vt 0.29296875 0.765625
vt 0.209815625 0.875
vt 0.243309375 0.875
vt 0.2265625 0.9375
vt 0.276221875 0.6117359375
vt 0.309715625 0.6117359375
vt 0.29296875 0.765625
vt 0.180809375 0.8917468749999999
vt 0.209815625 0.875
vt 0.2265625 0.9375
vt 0.309715625 0.6117359375
vt 0.3424253447822191 0.6189404861209203
vt 0.29296875 0.765625
vt 0.1640625 0.9207531250000001
vt 0.180809375 0.8917468749999999
vt 0.2265625 0.9375
vt 0.1263246552177809 0.5564404861209203
vt 0.159034375 0.5492359375
vt 0.17578125 0.703125
vt 0.1640625 0.954246875
vt 0.1640625 0.9207531250000001
vt 0.2265625 0.9375
vt 0.159034375 0.5492359375
vt 0.192528125 0.5492359375
vt 0.17578125 0.703125
vt 0.180809375 0.983253125
vt 0.1640625 0.954246875
vt 0.2265625 0.9375
vt 0.192528125 0.5492359375
vt 0.2252378447822191 0.5564404861209203
vt 0.17578125 0.703125
vt 0.209815625 1
vt 0.180809375 0.983253125
vt 0.2265625 0.9375
vt 0.1653871552177809 0.7205029861209203
vt 0.198096875 0.7132984375
vt 0.21484375 0.8671875
vt 0.243309375 1
vt 0.209815625 1
vt 0.2265625 0.9375
vt 0.198096875 0.7132984375
vt 0.231590625 0.7132984375
vt 0.21484375 0.8671875
vn -1.2246467991473532e-16 1 0
vn -0.4569057743101284 -0.4061384660534477 0.7913840153767416
vn -1.2246467991473532e-16 1 0
vn -0.7913840153767414 -0.40613846605344767 0.4569057743101285
vn -1.2246467991473532e-16 1 0
vn -0.9138115486202573 -0.40613846605344767 0
vn -1.2246467991473532e-16 1 0
vn -0.7913840153767415 -0.4061384660534477 -0.4569057743101285
vn -1.2246467991473532e-16 1 0
vn -0.45690577431012863 -0.40613846605344783 -0.7913840153767415
vn -1.2246467991473532e-16 1 0
vn -3.2889185808133267e-16 -0.40613846605344767 -0.9138115486202572
vn -1.2246467991473532e-16 1 0
vn 0.4569057743101282 -0.40613846605344756 -0.7913840153767417
vn -1.2246467991473532e-16 1 0
vn 0.7913840153767417 -0.4061384660534476 -0.45690577431012847
vn -1.2246467991473532e-16 1 0
vn 0.9138115486202574 -0.4061384660534475 -1.8931473766381503e-16
vn -1.2246467991473532e-16 1 0
vn 0.7913840153767416 -0.40613846605344744 0.4569057743101282
vn -1.2246467991473532e-16 1 0
vn 0.4569057743101286 -0.40613846605344756 0.7913840153767415
vn -1.2246467991473532e-16 1 0
vn 4.973761724629705e-17 -0.40613846605344756 0.9138115486202572
usemtl m_49cddd80-067f-8c10-cd78-bc522c28d58a
f 12/25/7 11/26/7 9/27/7
f 11/28/8 12/29/8 10/30/8
f 13/31/9 12/32/9 9/33/9
f 12/34/10 13/35/10 10/36/10
f 14/37/11 13/38/11 9/39/11
f 13/40/12 14/41/12 10/42/12
f 15/43/13 14/44/13 9/45/13
f 14/46/14 15/47/14 10/48/14
f 16/49/15 15/50/15 9/51/15
f 15/52/16 16/53/16 10/54/16
f 17/55/17 16/56/17 9/57/17
f 16/58/18 17/59/18 10/60/18
f 18/61/19 17/62/19 9/63/19
f 17/64/20 18/65/20 10/66/20
f 19/67/21 18/68/21 9/69/21
f 18/70/22 19/71/22 10/72/22
f 20/73/23 19/74/23 9/75/23
f 19/76/24 20/77/24 10/78/24
f 21/79/25 20/80/25 9/81/25
f 20/82/26 21/83/26 10/84/26
f 22/85/27 21/86/27 9/87/27
f 21/88/28 22/89/28 10/90/28
f 11/91/29 22/92/29 9/93/29
f 22/94/30 11/95/30 10/96/30
o cube
v -0.35583981469522646 0.5165854290456364 -0.10254076773975154
v -0.5710992454005895 0.03646164683692016 -0.3014145499484687
v -0.35583981469522646 0.46875 0.012944173824159255
v -0.5710992454005895 -0.011373782208716265 -0.1859296083845579
v -0.8020691285284112 0.12484999448523854 -0.264802897596787
v -0.5868096978230481 0.6049737766939548 -0.06592911538806981
v -0.8020691285284112 0.07701456543960217 -0.14931795603287618
v -0.5868096978230481 0.5571383476483184 0.04955582617584098
vt 0.1640625 0.8671875
vt 0.1953125 0.8671875
vt 0.1953125 0.8515625
vt 0.1640625 0.8515625
vt 0.4140625 1
vt 0.484375 1
vt 0.484375 0.984375
vt 0.4140625 0.984375
vt 0.234375 0.8671875
vt 0.265625 0.8671875
vt 0.265625 0.8515625
vt 0.234375 0.8515625
vt 0.4140625 0.9765625
vt 0.484375 0.9765625
vt 0.484375 0.9609375
vt 0.4140625 0.9609375
vt 0.1171875 0.6015625
vt 0.0859375 0.6015625
vt 0.0859375 0.671875
vt 0.1171875 0.671875
vt 0.265625 0.6015625
vt 0.234375 0.6015625
vt 0.234375 0.53125
vt 0.265625 0.53125
vn -0.3826834323650899 -0.8535533905932733 -0.3535533905932749
vn 0.9238795325112867 -0.3535533905932736 -0.14644660940672688
vn 0.3826834323650899 0.8535533905932733 0.3535533905932749
vn -0.9238795325112867 0.3535533905932736 0.14644660940672688
vn -1.1102230246251565e-16 0.3826834323650911 -0.9238795325112863
vn 1.1102230246251565e-16 -0.3826834323650911 0.9238795325112863
usemtl m_49cddd80-067f-8c10-cd78-bc522c28d58a
f 26/100/31 29/99/31 27/98/31 24/97/31
f 25/104/32 26/103/32 24/102/32 23/101/32
f 30/108/33 25/107/33 23/106/33 28/105/33
f 29/112/34 30/111/34 28/110/34 27/109/34
f 28/116/35 23/115/35 24/114/35 27/113/35
f 29/120/36 26/119/36 25/118/36 30/117/36
o cube
v 0.5254999835360554 1.0301985542298187 0.7794233118640056
v 0.8219719778465286 1.0561364927849075 -0.5629836979259027
v 0.5255544558752727 1.029575932543511 0.7794233118640056
v 0.8220264501857459 1.0555138710985998 -0.5629836979259027
v -0.515326767987372 0.939138012777005 -0.8605881670907942
v -0.8117987622978452 0.9132000742219164 0.4818188426991141
v -0.5152722956481547 0.9385153910906974 -0.8605881670907942
v -0.8117442899586279 0.9125774525356087 0.4818188426991141
vt 0.359375 0.828125
vt 0.515625 0.828125
vt 0.515625 0.8203125
vt 0.359375 0.8203125
vt 0.3671875 0.8125
vt 0.5234375 0.8125
vt 0.5234375 0.8046875
vt 0.3671875 0.8046875
vt 0.3671875 0.796875
vt 0.5234375 0.796875
vt 0.5234375 0.7890625
vt 0.3671875 0.7890625
vt 0.3671875 0.78125
vt 0.5234375 0.78125
vt 0.5234375 0.7734375
vt 0.3671875 0.7734375
vt 0.15625 0.84375
vt 0 0.84375
vt 0 1
vt 0.15625 1
vt 0.15625 0.8359375
vt 0 0.8359375
vt 0 0.6796875
vt 0.15625 0.6796875
vn 0.21561599586216235 0.01886395531279176 -0.9762960071199334
vn 0.9725809060610187 0.08508980364211083 0.2164396139381029
vn -0.21561599586216235 -0.01886395531279176 0.9762960071199334
vn -0.9725809060610187 -0.08508980364211083 -0.2164396139381029
vn -0.08715574274765824 0.9961946980917457 -3.469446951953615e-18
vn 0.08715574274765824 -0.9961946980917457 3.469446951953615e-18
usemtl m_49cddd80-067f-8c10-cd78-bc522c28d58a
f 34/124/37 37/123/37 35/122/37 32/121/37
f 33/128/38 34/127/38 32/126/38 31/125/38
f 38/132/39 33/131/39 31/130/39 36/129/39
f 37/136/40 38/135/40 36/134/40 35/133/40
f 36/140/41 31/139/41 32/138/41 35/137/41
f 37/144/42 34/143/42 33/142/42 38/141/42
o cube
v 0.38602240090995354 0.41090847951748766 0.1417054968247618
v 0.5472512056485522 -0.05174320796260734 -0.13463657126184586
v 0.36102688474219624 0.46717538781442586 0.03292011544375394
v 0.5222556894807949 0.00452370033433086 -0.2434219526428537
v 0.781486420129279 0.035178212993064784 -0.14349833610948046
v 0.6202576153906803 0.4978299004731598 0.13284373197712718
v 0.7564909039615217 0.09144512129000304 -0.2522837174904883
v 0.595262099222923 0.554096808770098 0.024058350596119348
vt 0.1640625 0.8671875
vt 0.1953125 0.8671875
vt 0.1953125 0.8515625
vt 0.1640625 0.8515625
vt 0.4140625 1
vt 0.484375 1
vt 0.484375 0.984375
vt 0.4140625 0.984375
vt 0.234375 0.8671875
vt 0.265625 0.8671875
vt 0.265625 0.8515625
vt 0.234375 0.8515625
vt 0.4140625 0.9765625
vt 0.484375 0.9765625
vt 0.484375 0.9609375
vt 0.4140625 0.9609375
vt 0.1171875 0.6015625
vt 0.0859375 0.6015625
vt 0.0859375 0.671875
vt 0.1171875 0.671875
vt 0.265625 0.6015625
vt 0.234375 0.6015625
vt 0.234375 0.53125
vt 0.265625 0.53125
vn 0.2866289862019532 -0.8224918888535023 -0.4912747877095247
vn -0.9369408579229072 -0.3476856838226888 0.03544705939053836
vn -0.2866289862019532 0.8224918888535023 0.4912747877095247
vn 0.9369408579229072 0.3476856838226888 -0.03544705939053836
vn 0.19996412934205848 -0.4501352663755057 0.8702830510480628
vn -0.19996412934205848 0.4501352663755057 -0.8702830510480628
usemtl m_49cddd80-067f-8c10-cd78-bc522c28d58a
f 42/148/43 45/147/43 43/146/43 40/145/43
f 41/152/44 42/151/44 40/150/44 39/149/44
f 46/156/45 41/155/45 39/154/45 44/153/45
f 45/160/46 46/159/46 44/158/46 43/157/46
f 44/164/47 39/163/47 40/162/47 43/161/47
f 45/168/48 42/167/48 41/166/48 46/165/48